Liczba1: 14+6.05j
Liczba2: 13-8j
Suma: 27-1.95j
Roznica: 1+14.05j
Iloczyn: 230.4-33.35j
Iloraz: 0.573391+0.81824j
